Task: ([id], [arrival time], [service time])

Client Nr: 50
Queue Nr: 5
Simulation Time: 60
Arrival Time: 2 - 40
Service Time: 1 - 7

Time 0: 
Waiting: 
( 6, 7, 4), ( 4, 6, 1), ( 21, 19, 2), ( 27, 24, 6), ( 26, 22, 6), 
( 39, 32, 1), ( 35, 30, 5), ( 43, 37, 6), ( 0, 2, 2), ( 22, 19, 6), 
( 15, 16, 3), ( 41, 34, 3), ( 44, 37, 1), ( 8, 8, 6), ( 18, 17, 6), 
( 9, 8, 2), ( 10, 10, 6), ( 40, 33, 3), ( 46, 38, 4), ( 32, 28, 5), 
( 25, 21, 2), ( 12, 14, 5), ( 29, 25, 2), ( 33, 28, 3), ( 47, 38, 1), 
( 13, 14, 4), ( 48, 39, 5), ( 19, 17, 5), ( 49, 39, 1), ( 31, 27, 5), 
( 16, 16, 3), ( 3, 5, 3), ( 11, 12, 6), ( 36, 30, 2), ( 2, 4, 5), 
( 17, 16, 5), ( 7, 7, 3), ( 28, 24, 4), ( 45, 37, 1), ( 14, 14, 3), 
( 20, 17, 4), ( 37, 30, 2), ( 34, 28, 3), ( 30, 26, 3), ( 24, 20, 4), 
( 1, 3, 5), ( 38, 31, 3), ( 5, 6, 4), ( 42, 34, 5), ( 23, 19, 2), 
Queue 0: 
Queue 1: 
Queue 2: 
Queue 3: 
Queue 4: 
==============================
Time 1: 
Waiting: 
( 6, 7, 4), ( 4, 6, 1), ( 21, 19, 2), ( 27, 24, 6), ( 26, 22, 6), 
( 39, 32, 1), ( 35, 30, 5), ( 43, 37, 6), ( 0, 2, 2), ( 22, 19, 6), 
( 15, 16, 3), ( 41, 34, 3), ( 44, 37, 1), ( 8, 8, 6), ( 18, 17, 6), 
( 9, 8, 2), ( 10, 10, 6), ( 40, 33, 3), ( 46, 38, 4), ( 32, 28, 5), 
( 25, 21, 2), ( 12, 14, 5), ( 29, 25, 2), ( 33, 28, 3), ( 47, 38, 1), 
( 13, 14, 4), ( 48, 39, 5), ( 19, 17, 5), ( 49, 39, 1), ( 31, 27, 5), 
( 16, 16, 3), ( 3, 5, 3), ( 11, 12, 6), ( 36, 30, 2), ( 2, 4, 5), 
( 17, 16, 5), ( 7, 7, 3), ( 28, 24, 4), ( 45, 37, 1), ( 14, 14, 3), 
( 20, 17, 4), ( 37, 30, 2), ( 34, 28, 3), ( 30, 26, 3), ( 24, 20, 4), 
( 1, 3, 5), ( 38, 31, 3), ( 5, 6, 4), ( 42, 34, 5), ( 23, 19, 2), 
Queue 0: 
Queue 1: 
Queue 2: 
Queue 3: 
Queue 4: 
==============================
Time 2: 
Waiting: 
( 6, 7, 4), ( 4, 6, 1), ( 21, 19, 2), ( 27, 24, 6), ( 26, 22, 6), 
( 39, 32, 1), ( 35, 30, 5), ( 43, 37, 6), ( 22, 19, 6), ( 15, 16, 3), 
( 41, 34, 3), ( 44, 37, 1), ( 8, 8, 6), ( 18, 17, 6), ( 9, 8, 2), 
( 10, 10, 6), ( 40, 33, 3), ( 46, 38, 4), ( 32, 28, 5), ( 25, 21, 2), 
( 12, 14, 5), ( 29, 25, 2), ( 33, 28, 3), ( 47, 38, 1), ( 13, 14, 4), 
( 48, 39, 5), ( 19, 17, 5), ( 49, 39, 1), ( 31, 27, 5), ( 16, 16, 3), 
( 3, 5, 3), ( 11, 12, 6), ( 36, 30, 2), ( 2, 4, 5), ( 17, 16, 5), 
( 7, 7, 3), ( 28, 24, 4), ( 45, 37, 1), ( 14, 14, 3), ( 20, 17, 4), 
( 37, 30, 2), ( 34, 28, 3), ( 30, 26, 3), ( 24, 20, 4), ( 1, 3, 5), 
( 38, 31, 3), ( 5, 6, 4), ( 42, 34, 5), ( 23, 19, 2), 
Queue 0: ( 0, 2, 2)
Queue 1: 
Queue 2: 
Queue 3: 
Queue 4: 
==============================
Time 3: 
Waiting: 
( 6, 7, 4), ( 4, 6, 1), ( 21, 19, 2), ( 27, 24, 6), ( 26, 22, 6), 
( 39, 32, 1), ( 35, 30, 5), ( 43, 37, 6), ( 22, 19, 6), ( 15, 16, 3), 
( 41, 34, 3), ( 44, 37, 1), ( 8, 8, 6), ( 18, 17, 6), ( 9, 8, 2), 
( 10, 10, 6), ( 40, 33, 3), ( 46, 38, 4), ( 32, 28, 5), ( 25, 21, 2), 
( 12, 14, 5), ( 29, 25, 2), ( 33, 28, 3), ( 47, 38, 1), ( 13, 14, 4), 
( 48, 39, 5), ( 19, 17, 5), ( 49, 39, 1), ( 31, 27, 5), ( 16, 16, 3), 
( 3, 5, 3), ( 11, 12, 6), ( 36, 30, 2), ( 2, 4, 5), ( 17, 16, 5), 
( 7, 7, 3), ( 28, 24, 4), ( 45, 37, 1), ( 14, 14, 3), ( 20, 17, 4), 
( 37, 30, 2), ( 34, 28, 3), ( 30, 26, 3), ( 24, 20, 4), ( 38, 31, 3), 
( 5, 6, 4), ( 42, 34, 5), ( 23, 19, 2), 
Queue 0: ( 0, 2, 1)
Queue 1: ( 1, 3, 5)
Queue 2: 
Queue 3: 
Queue 4: 
==============================
Time 4: 
Waiting: 
( 6, 7, 4), ( 4, 6, 1), ( 21, 19, 2), ( 27, 24, 6), ( 26, 22, 6), 
( 39, 32, 1), ( 35, 30, 5), ( 43, 37, 6), ( 22, 19, 6), ( 15, 16, 3), 
( 41, 34, 3), ( 44, 37, 1), ( 8, 8, 6), ( 18, 17, 6), ( 9, 8, 2), 
( 10, 10, 6), ( 40, 33, 3), ( 46, 38, 4), ( 32, 28, 5), ( 25, 21, 2), 
( 12, 14, 5), ( 29, 25, 2), ( 33, 28, 3), ( 47, 38, 1), ( 13, 14, 4), 
( 48, 39, 5), ( 19, 17, 5), ( 49, 39, 1), ( 31, 27, 5), ( 16, 16, 3), 
( 3, 5, 3), ( 11, 12, 6), ( 36, 30, 2), ( 17, 16, 5), ( 7, 7, 3), 
( 28, 24, 4), ( 45, 37, 1), ( 14, 14, 3), ( 20, 17, 4), ( 37, 30, 2), 
( 34, 28, 3), ( 30, 26, 3), ( 24, 20, 4), ( 38, 31, 3), ( 5, 6, 4), 
( 42, 34, 5), ( 23, 19, 2), 
Queue 0: ( 2, 4, 5)
Queue 1: ( 1, 3, 4)
Queue 2: 
Queue 3: 
Queue 4: 
==============================
Time 5: 
Waiting: 
( 6, 7, 4), ( 4, 6, 1), ( 21, 19, 2), ( 27, 24, 6), ( 26, 22, 6), 
( 39, 32, 1), ( 35, 30, 5), ( 43, 37, 6), ( 22, 19, 6), ( 15, 16, 3), 
( 41, 34, 3), ( 44, 37, 1), ( 8, 8, 6), ( 18, 17, 6), ( 9, 8, 2), 
( 10, 10, 6), ( 40, 33, 3), ( 46, 38, 4), ( 32, 28, 5), ( 25, 21, 2), 
( 12, 14, 5), ( 29, 25, 2), ( 33, 28, 3), ( 47, 38, 1), ( 13, 14, 4), 
( 48, 39, 5), ( 19, 17, 5), ( 49, 39, 1), ( 31, 27, 5), ( 16, 16, 3), 
( 11, 12, 6), ( 36, 30, 2), ( 17, 16, 5), ( 7, 7, 3), ( 28, 24, 4), 
( 45, 37, 1), ( 14, 14, 3), ( 20, 17, 4), ( 37, 30, 2), ( 34, 28, 3), 
( 30, 26, 3), ( 24, 20, 4), ( 38, 31, 3), ( 5, 6, 4), ( 42, 34, 5), 
( 23, 19, 2), 
Queue 0: ( 2, 4, 4)
Queue 1: ( 1, 3, 3)
Queue 2: ( 3, 5, 3)
Queue 3: 
Queue 4: 
==============================
Time 6: 
Waiting: 
( 6, 7, 4), ( 21, 19, 2), ( 27, 24, 6), ( 26, 22, 6), ( 39, 32, 1), 
( 35, 30, 5), ( 43, 37, 6), ( 22, 19, 6), ( 15, 16, 3), ( 41, 34, 3), 
( 44, 37, 1), ( 8, 8, 6), ( 18, 17, 6), ( 9, 8, 2), ( 10, 10, 6), 
( 40, 33, 3), ( 46, 38, 4), ( 32, 28, 5), ( 25, 21, 2), ( 12, 14, 5), 
( 29, 25, 2), ( 33, 28, 3), ( 47, 38, 1), ( 13, 14, 4), ( 48, 39, 5), 
( 19, 17, 5), ( 49, 39, 1), ( 31, 27, 5), ( 16, 16, 3), ( 11, 12, 6), 
( 36, 30, 2), ( 17, 16, 5), ( 7, 7, 3), ( 28, 24, 4), ( 45, 37, 1), 
( 14, 14, 3), ( 20, 17, 4), ( 37, 30, 2), ( 34, 28, 3), ( 30, 26, 3), 
( 24, 20, 4), ( 38, 31, 3), ( 42, 34, 5), ( 23, 19, 2), 
Queue 0: ( 2, 4, 3)
Queue 1: ( 1, 3, 2)
Queue 2: ( 3, 5, 2)
Queue 3: ( 4, 6, 1)
Queue 4: ( 5, 6, 4)
==============================
Time 7: 
Waiting: 
( 21, 19, 2), ( 27, 24, 6), ( 26, 22, 6), ( 39, 32, 1), ( 35, 30, 5), 
( 43, 37, 6), ( 22, 19, 6), ( 15, 16, 3), ( 41, 34, 3), ( 44, 37, 1), 
( 8, 8, 6), ( 18, 17, 6), ( 9, 8, 2), ( 10, 10, 6), ( 40, 33, 3), 
( 46, 38, 4), ( 32, 28, 5), ( 25, 21, 2), ( 12, 14, 5), ( 29, 25, 2), 
( 33, 28, 3), ( 47, 38, 1), ( 13, 14, 4), ( 48, 39, 5), ( 19, 17, 5), 
( 49, 39, 1), ( 31, 27, 5), ( 16, 16, 3), ( 11, 12, 6), ( 36, 30, 2), 
( 17, 16, 5), ( 28, 24, 4), ( 45, 37, 1), ( 14, 14, 3), ( 20, 17, 4), 
( 37, 30, 2), ( 34, 28, 3), ( 30, 26, 3), ( 24, 20, 4), ( 38, 31, 3), 
( 42, 34, 5), ( 23, 19, 2), 
Queue 0: ( 2, 4, 2)
Queue 1: ( 1, 3, 1), ( 7, 7, 3)
Queue 2: ( 3, 5, 1)
Queue 3: ( 6, 7, 4)
Queue 4: ( 5, 6, 3)
==============================
Time 8: 
Waiting: 
( 21, 19, 2), ( 27, 24, 6), ( 26, 22, 6), ( 39, 32, 1), ( 35, 30, 5), 
( 43, 37, 6), ( 22, 19, 6), ( 15, 16, 3), ( 41, 34, 3), ( 44, 37, 1), 
( 18, 17, 6), ( 10, 10, 6), ( 40, 33, 3), ( 46, 38, 4), ( 32, 28, 5), 
( 25, 21, 2), ( 12, 14, 5), ( 29, 25, 2), ( 33, 28, 3), ( 47, 38, 1), 
( 13, 14, 4), ( 48, 39, 5), ( 19, 17, 5), ( 49, 39, 1), ( 31, 27, 5), 
( 16, 16, 3), ( 11, 12, 6), ( 36, 30, 2), ( 17, 16, 5), ( 28, 24, 4), 
( 45, 37, 1), ( 14, 14, 3), ( 20, 17, 4), ( 37, 30, 2), ( 34, 28, 3), 
( 30, 26, 3), ( 24, 20, 4), ( 38, 31, 3), ( 42, 34, 5), ( 23, 19, 2), 
Queue 0: ( 2, 4, 1), ( 9, 8, 2)
Queue 1: ( 7, 7, 3)
Queue 2: ( 8, 8, 6)
Queue 3: ( 6, 7, 3)
Queue 4: ( 5, 6, 2)
==============================
Time 9: 
Waiting: 
( 21, 19, 2), ( 27, 24, 6), ( 26, 22, 6), ( 39, 32, 1), ( 35, 30, 5), 
( 43, 37, 6), ( 22, 19, 6), ( 15, 16, 3), ( 41, 34, 3), ( 44, 37, 1), 
( 18, 17, 6), ( 10, 10, 6), ( 40, 33, 3), ( 46, 38, 4), ( 32, 28, 5), 
( 25, 21, 2), ( 12, 14, 5), ( 29, 25, 2), ( 33, 28, 3), ( 47, 38, 1), 
( 13, 14, 4), ( 48, 39, 5), ( 19, 17, 5), ( 49, 39, 1), ( 31, 27, 5), 
( 16, 16, 3), ( 11, 12, 6), ( 36, 30, 2), ( 17, 16, 5), ( 28, 24, 4), 
( 45, 37, 1), ( 14, 14, 3), ( 20, 17, 4), ( 37, 30, 2), ( 34, 28, 3), 
( 30, 26, 3), ( 24, 20, 4), ( 38, 31, 3), ( 42, 34, 5), ( 23, 19, 2), 
Queue 0: ( 9, 8, 2)
Queue 1: ( 7, 7, 2)
Queue 2: ( 8, 8, 5)
Queue 3: ( 6, 7, 2)
Queue 4: ( 5, 6, 1)
==============================
Time 10: 
Waiting: 
( 21, 19, 2), ( 27, 24, 6), ( 26, 22, 6), ( 39, 32, 1), ( 35, 30, 5), 
( 43, 37, 6), ( 22, 19, 6), ( 15, 16, 3), ( 41, 34, 3), ( 44, 37, 1), 
( 18, 17, 6), ( 40, 33, 3), ( 46, 38, 4), ( 32, 28, 5), ( 25, 21, 2), 
( 12, 14, 5), ( 29, 25, 2), ( 33, 28, 3), ( 47, 38, 1), ( 13, 14, 4), 
( 48, 39, 5), ( 19, 17, 5), ( 49, 39, 1), ( 31, 27, 5), ( 16, 16, 3), 
( 11, 12, 6), ( 36, 30, 2), ( 17, 16, 5), ( 28, 24, 4), ( 45, 37, 1), 
( 14, 14, 3), ( 20, 17, 4), ( 37, 30, 2), ( 34, 28, 3), ( 30, 26, 3), 
( 24, 20, 4), ( 38, 31, 3), ( 42, 34, 5), ( 23, 19, 2), 
Queue 0: ( 9, 8, 1)
Queue 1: ( 7, 7, 1)
Queue 2: ( 8, 8, 4)
Queue 3: ( 6, 7, 1)
Queue 4: ( 10, 10, 6)
==============================
Time 11: 
Waiting: 
( 21, 19, 2), ( 27, 24, 6), ( 26, 22, 6), ( 39, 32, 1), ( 35, 30, 5), 
( 43, 37, 6), ( 22, 19, 6), ( 15, 16, 3), ( 41, 34, 3), ( 44, 37, 1), 
( 18, 17, 6), ( 40, 33, 3), ( 46, 38, 4), ( 32, 28, 5), ( 25, 21, 2), 
( 12, 14, 5), ( 29, 25, 2), ( 33, 28, 3), ( 47, 38, 1), ( 13, 14, 4), 
( 48, 39, 5), ( 19, 17, 5), ( 49, 39, 1), ( 31, 27, 5), ( 16, 16, 3), 
( 11, 12, 6), ( 36, 30, 2), ( 17, 16, 5), ( 28, 24, 4), ( 45, 37, 1), 
( 14, 14, 3), ( 20, 17, 4), ( 37, 30, 2), ( 34, 28, 3), ( 30, 26, 3), 
( 24, 20, 4), ( 38, 31, 3), ( 42, 34, 5), ( 23, 19, 2), 
Queue 0: 
Queue 1: 
Queue 2: ( 8, 8, 3)
Queue 3: 
Queue 4: ( 10, 10, 5)
==============================
Time 12: 
Waiting: 
( 21, 19, 2), ( 27, 24, 6), ( 26, 22, 6), ( 39, 32, 1), ( 35, 30, 5), 
( 43, 37, 6), ( 22, 19, 6), ( 15, 16, 3), ( 41, 34, 3), ( 44, 37, 1), 
( 18, 17, 6), ( 40, 33, 3), ( 46, 38, 4), ( 32, 28, 5), ( 25, 21, 2), 
( 12, 14, 5), ( 29, 25, 2), ( 33, 28, 3), ( 47, 38, 1), ( 13, 14, 4), 
( 48, 39, 5), ( 19, 17, 5), ( 49, 39, 1), ( 31, 27, 5), ( 16, 16, 3), 
( 36, 30, 2), ( 17, 16, 5), ( 28, 24, 4), ( 45, 37, 1), ( 14, 14, 3), 
( 20, 17, 4), ( 37, 30, 2), ( 34, 28, 3), ( 30, 26, 3), ( 24, 20, 4), 
( 38, 31, 3), ( 42, 34, 5), ( 23, 19, 2), 
Queue 0: ( 11, 12, 6)
Queue 1: 
Queue 2: ( 8, 8, 2)
Queue 3: 
Queue 4: ( 10, 10, 4)
==============================
Time 13: 
Waiting: 
( 21, 19, 2), ( 27, 24, 6), ( 26, 22, 6), ( 39, 32, 1), ( 35, 30, 5), 
( 43, 37, 6), ( 22, 19, 6), ( 15, 16, 3), ( 41, 34, 3), ( 44, 37, 1), 
( 18, 17, 6), ( 40, 33, 3), ( 46, 38, 4), ( 32, 28, 5), ( 25, 21, 2), 
( 12, 14, 5), ( 29, 25, 2), ( 33, 28, 3), ( 47, 38, 1), ( 13, 14, 4), 
( 48, 39, 5), ( 19, 17, 5), ( 49, 39, 1), ( 31, 27, 5), ( 16, 16, 3), 
( 36, 30, 2), ( 17, 16, 5), ( 28, 24, 4), ( 45, 37, 1), ( 14, 14, 3), 
( 20, 17, 4), ( 37, 30, 2), ( 34, 28, 3), ( 30, 26, 3), ( 24, 20, 4), 
( 38, 31, 3), ( 42, 34, 5), ( 23, 19, 2), 
Queue 0: ( 11, 12, 5)
Queue 1: 
Queue 2: ( 8, 8, 1)
Queue 3: 
Queue 4: ( 10, 10, 3)
==============================
Time 14: 
Waiting: 
( 21, 19, 2), ( 27, 24, 6), ( 26, 22, 6), ( 39, 32, 1), ( 35, 30, 5), 
( 43, 37, 6), ( 22, 19, 6), ( 15, 16, 3), ( 41, 34, 3), ( 44, 37, 1), 
( 18, 17, 6), ( 40, 33, 3), ( 46, 38, 4), ( 32, 28, 5), ( 25, 21, 2), 
( 29, 25, 2), ( 33, 28, 3), ( 47, 38, 1), ( 48, 39, 5), ( 19, 17, 5), 
( 49, 39, 1), ( 31, 27, 5), ( 16, 16, 3), ( 36, 30, 2), ( 17, 16, 5), 
( 28, 24, 4), ( 45, 37, 1), ( 20, 17, 4), ( 37, 30, 2), ( 34, 28, 3), 
( 30, 26, 3), ( 24, 20, 4), ( 38, 31, 3), ( 42, 34, 5), ( 23, 19, 2), 
Queue 0: ( 11, 12, 4)
Queue 1: ( 12, 14, 5)
Queue 2: ( 13, 14, 4)
Queue 3: ( 14, 14, 3)
Queue 4: ( 10, 10, 2)
==============================
Time 15: 
Waiting: 
( 21, 19, 2), ( 27, 24, 6), ( 26, 22, 6), ( 39, 32, 1), ( 35, 30, 5), 
( 43, 37, 6), ( 22, 19, 6), ( 15, 16, 3), ( 41, 34, 3), ( 44, 37, 1), 
( 18, 17, 6), ( 40, 33, 3), ( 46, 38, 4), ( 32, 28, 5), ( 25, 21, 2), 
( 29, 25, 2), ( 33, 28, 3), ( 47, 38, 1), ( 48, 39, 5), ( 19, 17, 5), 
( 49, 39, 1), ( 31, 27, 5), ( 16, 16, 3), ( 36, 30, 2), ( 17, 16, 5), 
( 28, 24, 4), ( 45, 37, 1), ( 20, 17, 4), ( 37, 30, 2), ( 34, 28, 3), 
( 30, 26, 3), ( 24, 20, 4), ( 38, 31, 3), ( 42, 34, 5), ( 23, 19, 2), 
Queue 0: ( 11, 12, 3)
Queue 1: ( 12, 14, 4)
Queue 2: ( 13, 14, 3)
Queue 3: ( 14, 14, 2)
Queue 4: ( 10, 10, 1)
==============================
Time 16: 
Waiting: 
( 21, 19, 2), ( 27, 24, 6), ( 26, 22, 6), ( 39, 32, 1), ( 35, 30, 5), 
( 43, 37, 6), ( 22, 19, 6), ( 41, 34, 3), ( 44, 37, 1), ( 18, 17, 6), 
( 40, 33, 3), ( 46, 38, 4), ( 32, 28, 5), ( 25, 21, 2), ( 29, 25, 2), 
( 33, 28, 3), ( 47, 38, 1), ( 48, 39, 5), ( 19, 17, 5), ( 49, 39, 1), 
( 31, 27, 5), ( 36, 30, 2), ( 28, 24, 4), ( 45, 37, 1), ( 20, 17, 4), 
( 37, 30, 2), ( 34, 28, 3), ( 30, 26, 3), ( 24, 20, 4), ( 38, 31, 3), 
( 42, 34, 5), ( 23, 19, 2), 
Queue 0: ( 11, 12, 2), ( 17, 16, 5)
Queue 1: ( 12, 14, 3)
Queue 2: ( 13, 14, 2)
Queue 3: ( 14, 14, 1), ( 16, 16, 3)
Queue 4: ( 15, 16, 3)
==============================
Time 17: 
Waiting: 
( 21, 19, 2), ( 27, 24, 6), ( 26, 22, 6), ( 39, 32, 1), ( 35, 30, 5), 
( 43, 37, 6), ( 22, 19, 6), ( 41, 34, 3), ( 44, 37, 1), ( 40, 33, 3), 
( 46, 38, 4), ( 32, 28, 5), ( 25, 21, 2), ( 29, 25, 2), ( 33, 28, 3), 
( 47, 38, 1), ( 48, 39, 5), ( 49, 39, 1), ( 31, 27, 5), ( 36, 30, 2), 
( 28, 24, 4), ( 45, 37, 1), ( 37, 30, 2), ( 34, 28, 3), ( 30, 26, 3), 
( 24, 20, 4), ( 38, 31, 3), ( 42, 34, 5), ( 23, 19, 2), 
Queue 0: ( 11, 12, 1), ( 17, 16, 5)
Queue 1: ( 12, 14, 2), ( 19, 17, 5)
Queue 2: ( 13, 14, 1), ( 18, 17, 6)
Queue 3: ( 16, 16, 3)
Queue 4: ( 15, 16, 2), ( 20, 17, 4)
==============================
Time 18: 
Waiting: 
( 21, 19, 2), ( 27, 24, 6), ( 26, 22, 6), ( 39, 32, 1), ( 35, 30, 5), 
( 43, 37, 6), ( 22, 19, 6), ( 41, 34, 3), ( 44, 37, 1), ( 40, 33, 3), 
( 46, 38, 4), ( 32, 28, 5), ( 25, 21, 2), ( 29, 25, 2), ( 33, 28, 3), 
( 47, 38, 1), ( 48, 39, 5), ( 49, 39, 1), ( 31, 27, 5), ( 36, 30, 2), 
( 28, 24, 4), ( 45, 37, 1), ( 37, 30, 2), ( 34, 28, 3), ( 30, 26, 3), 
( 24, 20, 4), ( 38, 31, 3), ( 42, 34, 5), ( 23, 19, 2), 
Queue 0: ( 17, 16, 5)
Queue 1: ( 12, 14, 1), ( 19, 17, 5)
Queue 2: ( 18, 17, 6)
Queue 3: ( 16, 16, 2)
Queue 4: ( 15, 16, 1), ( 20, 17, 4)
==============================
Time 19: 
Waiting: 
( 27, 24, 6), ( 26, 22, 6), ( 39, 32, 1), ( 35, 30, 5), ( 43, 37, 6), 
( 41, 34, 3), ( 44, 37, 1), ( 40, 33, 3), ( 46, 38, 4), ( 32, 28, 5), 
( 25, 21, 2), ( 29, 25, 2), ( 33, 28, 3), ( 47, 38, 1), ( 48, 39, 5), 
( 49, 39, 1), ( 31, 27, 5), ( 36, 30, 2), ( 28, 24, 4), ( 45, 37, 1), 
( 37, 30, 2), ( 34, 28, 3), ( 30, 26, 3), ( 24, 20, 4), ( 38, 31, 3), 
( 42, 34, 5), 
Queue 0: ( 17, 16, 4), ( 23, 19, 2)
Queue 1: ( 19, 17, 5)
Queue 2: ( 18, 17, 5)
Queue 3: ( 16, 16, 1), ( 21, 19, 2), ( 22, 19, 6)
Queue 4: ( 20, 17, 4)
==============================
Time 20: 
Waiting: 
( 27, 24, 6), ( 26, 22, 6), ( 39, 32, 1), ( 35, 30, 5), ( 43, 37, 6), 
( 41, 34, 3), ( 44, 37, 1), ( 40, 33, 3), ( 46, 38, 4), ( 32, 28, 5), 
( 25, 21, 2), ( 29, 25, 2), ( 33, 28, 3), ( 47, 38, 1), ( 48, 39, 5), 
( 49, 39, 1), ( 31, 27, 5), ( 36, 30, 2), ( 28, 24, 4), ( 45, 37, 1), 
( 37, 30, 2), ( 34, 28, 3), ( 30, 26, 3), ( 38, 31, 3), ( 42, 34, 5), 
Queue 0: ( 17, 16, 3), ( 23, 19, 2)
Queue 1: ( 19, 17, 4)
Queue 2: ( 18, 17, 4)
Queue 3: ( 21, 19, 2), ( 22, 19, 6)
Queue 4: ( 20, 17, 3), ( 24, 20, 4)
==============================
Time 21: 
Waiting: 
( 27, 24, 6), ( 26, 22, 6), ( 39, 32, 1), ( 35, 30, 5), ( 43, 37, 6), 
( 41, 34, 3), ( 44, 37, 1), ( 40, 33, 3), ( 46, 38, 4), ( 32, 28, 5), 
( 29, 25, 2), ( 33, 28, 3), ( 47, 38, 1), ( 48, 39, 5), ( 49, 39, 1), 
( 31, 27, 5), ( 36, 30, 2), ( 28, 24, 4), ( 45, 37, 1), ( 37, 30, 2), 
( 34, 28, 3), ( 30, 26, 3), ( 38, 31, 3), ( 42, 34, 5), 
Queue 0: ( 17, 16, 2), ( 23, 19, 2)
Queue 1: ( 19, 17, 3), ( 25, 21, 2)
Queue 2: ( 18, 17, 3)
Queue 3: ( 21, 19, 1), ( 22, 19, 6)
Queue 4: ( 20, 17, 2), ( 24, 20, 4)
==============================
Time 22: 
Waiting: 
( 27, 24, 6), ( 39, 32, 1), ( 35, 30, 5), ( 43, 37, 6), ( 41, 34, 3), 
( 44, 37, 1), ( 40, 33, 3), ( 46, 38, 4), ( 32, 28, 5), ( 29, 25, 2), 
( 33, 28, 3), ( 47, 38, 1), ( 48, 39, 5), ( 49, 39, 1), ( 31, 27, 5), 
( 36, 30, 2), ( 28, 24, 4), ( 45, 37, 1), ( 37, 30, 2), ( 34, 28, 3), 
( 30, 26, 3), ( 38, 31, 3), ( 42, 34, 5), 
Queue 0: ( 17, 16, 1), ( 23, 19, 2)
Queue 1: ( 19, 17, 2), ( 25, 21, 2)
Queue 2: ( 18, 17, 2), ( 26, 22, 6)
Queue 3: ( 22, 19, 6)
Queue 4: ( 20, 17, 1), ( 24, 20, 4)
==============================
Time 23: 
Waiting: 
( 27, 24, 6), ( 39, 32, 1), ( 35, 30, 5), ( 43, 37, 6), ( 41, 34, 3), 
( 44, 37, 1), ( 40, 33, 3), ( 46, 38, 4), ( 32, 28, 5), ( 29, 25, 2), 
( 33, 28, 3), ( 47, 38, 1), ( 48, 39, 5), ( 49, 39, 1), ( 31, 27, 5), 
( 36, 30, 2), ( 28, 24, 4), ( 45, 37, 1), ( 37, 30, 2), ( 34, 28, 3), 
( 30, 26, 3), ( 38, 31, 3), ( 42, 34, 5), 
Queue 0: ( 23, 19, 2)
Queue 1: ( 19, 17, 1), ( 25, 21, 2)
Queue 2: ( 18, 17, 1), ( 26, 22, 6)
Queue 3: ( 22, 19, 5)
Queue 4: ( 24, 20, 4)
==============================
Time 24: 
Waiting: 
( 39, 32, 1), ( 35, 30, 5), ( 43, 37, 6), ( 41, 34, 3), ( 44, 37, 1), 
( 40, 33, 3), ( 46, 38, 4), ( 32, 28, 5), ( 29, 25, 2), ( 33, 28, 3), 
( 47, 38, 1), ( 48, 39, 5), ( 49, 39, 1), ( 31, 27, 5), ( 36, 30, 2), 
( 45, 37, 1), ( 37, 30, 2), ( 34, 28, 3), ( 30, 26, 3), ( 38, 31, 3), 
( 42, 34, 5), 
Queue 0: ( 23, 19, 1), ( 27, 24, 6)
Queue 1: ( 25, 21, 2), ( 28, 24, 4)
Queue 2: ( 26, 22, 6)
Queue 3: ( 22, 19, 4)
Queue 4: ( 24, 20, 3)
==============================
Time 25: 
Waiting: 
( 39, 32, 1), ( 35, 30, 5), ( 43, 37, 6), ( 41, 34, 3), ( 44, 37, 1), 
( 40, 33, 3), ( 46, 38, 4), ( 32, 28, 5), ( 33, 28, 3), ( 47, 38, 1), 
( 48, 39, 5), ( 49, 39, 1), ( 31, 27, 5), ( 36, 30, 2), ( 45, 37, 1), 
( 37, 30, 2), ( 34, 28, 3), ( 30, 26, 3), ( 38, 31, 3), ( 42, 34, 5), 
Queue 0: ( 27, 24, 6)
Queue 1: ( 25, 21, 1), ( 28, 24, 4)
Queue 2: ( 26, 22, 5)
Queue 3: ( 22, 19, 3)
Queue 4: ( 24, 20, 2), ( 29, 25, 2)
==============================
Time 26: 
Waiting: 
( 39, 32, 1), ( 35, 30, 5), ( 43, 37, 6), ( 41, 34, 3), ( 44, 37, 1), 
( 40, 33, 3), ( 46, 38, 4), ( 32, 28, 5), ( 33, 28, 3), ( 47, 38, 1), 
( 48, 39, 5), ( 49, 39, 1), ( 31, 27, 5), ( 36, 30, 2), ( 45, 37, 1), 
( 37, 30, 2), ( 34, 28, 3), ( 38, 31, 3), ( 42, 34, 5), 
Queue 0: ( 27, 24, 5)
Queue 1: ( 28, 24, 4)
Queue 2: ( 26, 22, 4)
Queue 3: ( 22, 19, 2), ( 30, 26, 3)
Queue 4: ( 24, 20, 1), ( 29, 25, 2)
==============================
Time 27: 
Waiting: 
( 39, 32, 1), ( 35, 30, 5), ( 43, 37, 6), ( 41, 34, 3), ( 44, 37, 1), 
( 40, 33, 3), ( 46, 38, 4), ( 32, 28, 5), ( 33, 28, 3), ( 47, 38, 1), 
( 48, 39, 5), ( 49, 39, 1), ( 36, 30, 2), ( 45, 37, 1), ( 37, 30, 2), 
( 34, 28, 3), ( 38, 31, 3), ( 42, 34, 5), 
Queue 0: ( 27, 24, 4)
Queue 1: ( 28, 24, 3)
Queue 2: ( 26, 22, 3)
Queue 3: ( 22, 19, 1), ( 30, 26, 3)
Queue 4: ( 29, 25, 2), ( 31, 27, 5)
==============================
Time 28: 
Waiting: 
( 39, 32, 1), ( 35, 30, 5), ( 43, 37, 6), ( 41, 34, 3), ( 44, 37, 1), 
( 40, 33, 3), ( 46, 38, 4), ( 47, 38, 1), ( 48, 39, 5), ( 49, 39, 1), 
( 36, 30, 2), ( 45, 37, 1), ( 37, 30, 2), ( 38, 31, 3), ( 42, 34, 5), 
Queue 0: ( 27, 24, 3), ( 34, 28, 3)
Queue 1: ( 28, 24, 2), ( 32, 28, 5)
Queue 2: ( 26, 22, 2), ( 33, 28, 3)
Queue 3: ( 30, 26, 3)
Queue 4: ( 29, 25, 1), ( 31, 27, 5)
==============================
Time 29: 
Waiting: 
( 39, 32, 1), ( 35, 30, 5), ( 43, 37, 6), ( 41, 34, 3), ( 44, 37, 1), 
( 40, 33, 3), ( 46, 38, 4), ( 47, 38, 1), ( 48, 39, 5), ( 49, 39, 1), 
( 36, 30, 2), ( 45, 37, 1), ( 37, 30, 2), ( 38, 31, 3), ( 42, 34, 5), 
Queue 0: ( 27, 24, 2), ( 34, 28, 3)
Queue 1: ( 28, 24, 1), ( 32, 28, 5)
Queue 2: ( 26, 22, 1), ( 33, 28, 3)
Queue 3: ( 30, 26, 2)
Queue 4: ( 31, 27, 5)
==============================
Time 30: 
Waiting: 
( 39, 32, 1), ( 43, 37, 6), ( 41, 34, 3), ( 44, 37, 1), ( 40, 33, 3), 
( 46, 38, 4), ( 47, 38, 1), ( 48, 39, 5), ( 49, 39, 1), ( 45, 37, 1), 
( 38, 31, 3), ( 42, 34, 5), 
Queue 0: ( 27, 24, 1), ( 34, 28, 3), ( 37, 30, 2)
Queue 1: ( 32, 28, 5)
Queue 2: ( 33, 28, 3), ( 36, 30, 2)
Queue 3: ( 30, 26, 1), ( 35, 30, 5)
Queue 4: ( 31, 27, 4)
==============================
Time 31: 
Waiting: 
( 39, 32, 1), ( 43, 37, 6), ( 41, 34, 3), ( 44, 37, 1), ( 40, 33, 3), 
( 46, 38, 4), ( 47, 38, 1), ( 48, 39, 5), ( 49, 39, 1), ( 45, 37, 1), 
( 42, 34, 5), 
Queue 0: ( 34, 28, 3), ( 37, 30, 2)
Queue 1: ( 32, 28, 4)
Queue 2: ( 33, 28, 2), ( 36, 30, 2)
Queue 3: ( 35, 30, 5)
Queue 4: ( 31, 27, 3), ( 38, 31, 3)
==============================
Time 32: 
Waiting: 
( 43, 37, 6), ( 41, 34, 3), ( 44, 37, 1), ( 40, 33, 3), ( 46, 38, 4), 
( 47, 38, 1), ( 48, 39, 5), ( 49, 39, 1), ( 45, 37, 1), ( 42, 34, 5), 
Queue 0: ( 34, 28, 2), ( 37, 30, 2)
Queue 1: ( 32, 28, 3), ( 39, 32, 1)
Queue 2: ( 33, 28, 1), ( 36, 30, 2)
Queue 3: ( 35, 30, 4)
Queue 4: ( 31, 27, 2), ( 38, 31, 3)
==============================
Time 33: 
Waiting: 
( 43, 37, 6), ( 41, 34, 3), ( 44, 37, 1), ( 46, 38, 4), ( 47, 38, 1), 
( 48, 39, 5), ( 49, 39, 1), ( 45, 37, 1), ( 42, 34, 5), 
Queue 0: ( 34, 28, 1), ( 37, 30, 2)
Queue 1: ( 32, 28, 2), ( 39, 32, 1)
Queue 2: ( 36, 30, 2), ( 40, 33, 3)
Queue 3: ( 35, 30, 3)
Queue 4: ( 31, 27, 1), ( 38, 31, 3)
==============================
Time 34: 
Waiting: 
( 43, 37, 6), ( 44, 37, 1), ( 46, 38, 4), ( 47, 38, 1), ( 48, 39, 5), 
( 49, 39, 1), ( 45, 37, 1), 
Queue 0: ( 37, 30, 2), ( 41, 34, 3)
Queue 1: ( 32, 28, 1), ( 39, 32, 1), ( 42, 34, 5)
Queue 2: ( 36, 30, 1), ( 40, 33, 3)
Queue 3: ( 35, 30, 2)
Queue 4: ( 38, 31, 3)
==============================
Time 35: 
Waiting: 
( 43, 37, 6), ( 44, 37, 1), ( 46, 38, 4), ( 47, 38, 1), ( 48, 39, 5), 
( 49, 39, 1), ( 45, 37, 1), 
Queue 0: ( 37, 30, 1), ( 41, 34, 3)
Queue 1: ( 39, 32, 1), ( 42, 34, 5)
Queue 2: ( 40, 33, 3)
Queue 3: ( 35, 30, 1)
Queue 4: ( 38, 31, 2)
==============================
Time 36: 
Waiting: 
( 43, 37, 6), ( 44, 37, 1), ( 46, 38, 4), ( 47, 38, 1), ( 48, 39, 5), 
( 49, 39, 1), ( 45, 37, 1), 
Queue 0: ( 41, 34, 3)
Queue 1: ( 42, 34, 5)
Queue 2: ( 40, 33, 2)
Queue 3: 
Queue 4: ( 38, 31, 1)
==============================
Time 37: 
Waiting: 
( 46, 38, 4), ( 47, 38, 1), ( 48, 39, 5), ( 49, 39, 1), 
Queue 0: ( 41, 34, 2)
Queue 1: ( 42, 34, 4)
Queue 2: ( 40, 33, 1), ( 45, 37, 1)
Queue 3: ( 43, 37, 6)
Queue 4: ( 44, 37, 1)
==============================
Time 38: 
Waiting: 
( 48, 39, 5), ( 49, 39, 1), 
Queue 0: ( 41, 34, 1), ( 47, 38, 1)
Queue 1: ( 42, 34, 3)
Queue 2: ( 45, 37, 1)
Queue 3: ( 43, 37, 5)
Queue 4: ( 46, 38, 4)
==============================
Time 39: 
Waiting: 
Queue 0: ( 47, 38, 1), ( 49, 39, 1)
Queue 1: ( 42, 34, 2)
Queue 2: ( 48, 39, 5)
Queue 3: ( 43, 37, 4)
Queue 4: ( 46, 38, 3)
==============================
Time 40: 
Waiting: 
Queue 0: ( 49, 39, 1)
Queue 1: ( 42, 34, 1)
Queue 2: ( 48, 39, 4)
Queue 3: ( 43, 37, 3)
Queue 4: ( 46, 38, 2)
==============================
Time 41: 
Waiting: 
Queue 0: 
Queue 1: 
Queue 2: ( 48, 39, 3)
Queue 3: ( 43, 37, 2)
Queue 4: ( 46, 38, 1)
==============================
Time 42: 
Waiting: 
Queue 0: 
Queue 1: 
Queue 2: ( 48, 39, 2)
Queue 3: ( 43, 37, 1)
Queue 4: 
==============================
Time 43: 
Waiting: 
Queue 0: 
Queue 1: 
Queue 2: ( 48, 39, 1)
Queue 3: 
Queue 4: 
==============================
Average Waiting Time: 1.30
Average Service Time: 3.62
Peak Hour: 17

End of Simulation
